GLY26	0	0	0	0,041944	0,051376	0,058176	GLY26	GLY26	GLY26	GLY26	GLY26	0	0	0,041944	0,051376	0,058176
PHE27	-1,02238978723404	0,110425787234043	0,103597787234043	0,171345787234043	0,137537787234043	0,0762897872340426	PHE27	PHE27	PHE27	PHE27	PHE27	-0,911964	-0,918792	-0,851044	-0,884852	-0,9461
THR28	-0,234417021276596	0,167421021276596	0,136269021276596	0,0776330212765958	0,0751810212765957	-0,782342978723404	THR28	THR28	THR28	THR28	THR28	-0,066996	-0,098148	-0,156784	-0,159236	-1,01676
ASN30	-0,494274042553191	0,354270042553191	0,111954042553191	-8,33957446808587E-4	0,0387140425531914	0,331154042553191	ASN30	ASN30	ASN30	ASN30	ASN30	-0,140004	-0,38232	-0,495108	-0,45556	-0,16312
ASP31	0,697816170212766	0,998067829787234	0,365531829787234	0,532771829787234	0,752271829787234	0,651903829787234	ASP31	ASP31	ASP31	ASP31	ASP31	1,695884	1,063348	1,230588	1,450088	1,34972
TYR32	-2,05524595744681	-1,08903404255319	-0,916338042553192	-1,07226604255319	-0,957290042553192	-0,421714042553192	TYR32	TYR32	TYR32	TYR32	TYR32	-3,14428	-2,971584	-3,127512	-3,012536	-2,47696
ALA33	-0,102849361702128	0,0170053617021276	0,0675573617021276	0,0344493617021276	0,0333853617021276	0,0443613617021276	ALA33	ALA33	ALA33	ALA33	ALA33	-0,085844	-0,035292	-0,0684	-0,069464	-0,058488
HIS35	0	0,112972	0,076256	0,08206	0,054124	-0,038264	HIS35	HIS35	HIS35	HIS35	HIS35	0,112972	0,076256	0,08206	0,054124	-0,038264
TRP47	0	-0,10382	-0,156428	-0,216176	-0,19226	-0,040464	TRP47	TRP47	TRP47	TRP47	TRP47	-0,10382	-0,156428	-0,216176	-0,19226	-0,040464
THR50	-0,406115744680851	0,0314317446808511	0,143815744680851	-0,0191762553191489	0,0556477446808511	0,0648677446808511	THR50	THR50	THR50	THR50	THR50	-0,374684	-0,2623	-0,425292	-0,350468	-0,341248
ILE51	0	0,0035	-0,007136	0	-0,00512	0	ILE51	ILE51	ILE51	ILE51	ILE51	0,0035	-0,007136	0	-0,00512	0
SER52	-0,14384170212766	0,0169217021276596	-0,0304502978723404	-0,0385102978723404	-0,0433342978723404	-0,0580742978723404	SER52	SER52	SER52	SER52	SER52	-0,12692	-0,174292	-0,182352	-0,187176	-0,201916
TRP53	-1,04294638297872	0,0468063829787237	-0,429817617021276	-0,311041617021276	-0,401433617021276	-0,0327496170212764	TRP53	TRP53	TRP53	TRP53	TRP53	-0,99614	-1,472764	-1,353988	-1,44438	-1,075696
ASN54	-3,3323029787234	0,460294978723404	0,400722978723404	0,0231669787234039	0,0866349787234038	-0,147257021276596	ASN54	ASN54	ASN54	ASN54	ASN54	-2,872008	-2,93158	-3,309136	-3,245668	-3,47956
SER55	-2,57423829787234	0,51578229787234	-0,265837702127659	-0,156081702127659	-0,27520570212766	-0,0314417021276596	SER55	SER55	SER55	SER55	SER55	-2,058456	-2,840076	-2,73032	-2,849444	-2,60568
GLY56	-0,723121702127659	0,243961702127659	0,0623737021276595	-0,0262542978723406	-0,00847029787234055	0,122637702127659	GLY56	GLY56	GLY56	GLY56	GLY56	-0,47916	-0,660748	-0,749376	-0,731592	-0,600484
SER57	-0,0968034042553192	0,0575394042553192	0,0657794042553192	0,0480434042553192	0,0716474042553192	0,0800394042553192	SER57	SER57	SER57	SER57	SER57	-0,039264	-0,031024	-0,04876	-0,025156	-0,016764
ILE58	-0,158971914893617	0,00576391489361702	0,00629191489361705	-1,56085106382958E-4	0,00823191489361702	0,084623914893617	ILE58	ILE58	ILE58	ILE58	ILE58	-0,153208	-0,15268	-0,159128	-0,15074	-0,074348
GLY59	-0,11731914893617	-0,0497448510638298	-0,0135648510638298	0,0111911489361702	0,0183671489361702	0,0972591489361702	GLY59	GLY59	GLY59	GLY59	GLY59	-0,167064	-0,130884	-0,106128	-0,098952	-0,02006
TYR60	0	0	0,019968	0	0,018904	0	TYR60	TYR60	TYR60	TYR60	TYR60	0	0,019968	0	0,018904	0
LYS98	0,111811063829787	-0,111811063829787	-0,111811063829787	-0,111811063829787	-0,111811063829787	-0,111811063829787	LYS98	LYS98	LYS98	LYS98	LYS98	0	0	0	0	0
ASP99	1,3408	-1,3408	-1,3408	-0,107668	0,061828	-0,111524	ASN99	ASP99	ASP99	ASP99	ASP99	0	0	1,233132	1,402628	1,229276
ILE100	0,0721787234042553	-0,0721787234042553	-0,0721787234042553	-0,0721787234042553	-0,0721787234042553	-0,0721787234042553	ILE100	ILE100	ILE100	ILE100	ILE100	0	0	0	0	0
GLN101	-0,58444085106383	0,32920885106383	0,30982485106383	0,23786885106383	0,30382885106383	-0,17911114893617	GLN101	GLN101	GLN101	GLN101	GLN101	-0,255232	-0,274616	-0,346572	-0,280612	-0,763552
TYR102	-1,46584510638298	0,0460691063829788	-0,0660988936170213	-0,105566893617021	0,209141106382979	-0,172210893617021	TYR102	TYR102	TYR102	TYR102	TYR102	-1,419776	-1,531944	-1,571412	-1,256704	-1,638056
GLY103	0,114134468085106	0,105493531914894	-0,0682544680851064	-0,0603744680851064	0,139141531914894	0,0561935319148936	GLY103	GLY103	GLY103	GLY103	GLY103	0,219628	0,04588	0,05376	0,253276	0,170328
ASN104	-3,53990297872341	0,715794978723404	1,8778109787234	1,8600789787234	1,9134869787234	1,7725069787234	ASN104	ASN104	ASN104	ASN104	ASN104	-2,824108	-1,662092	-1,679824	-1,626416	-1,767396
TYR105	-3,35908936170213	0,639969361702128	2,67934536170213	0,0175733617021274	0,0449333617021281	0,941129361702128	TYR105	ALA105	TYR105	TYR105	TYR105	-2,71912	-0,679744	-3,341516	-3,314156	-2,41796
TYR106	0,256008510638298	-0,256008510638298	-0,256008510638298	-0,256008510638298	-0,319624510638298	-0,256008510638298	TYR106	TYR106	TYR106	TYR106	TYR106	0	0	0	-0,063616	0
TYR107	-2,74186042553192	-0,0403435744680851	0,205464425531915	2,74186042553192	0,708332425531915	-0,559319574468085	TYR107	TYR107	ALA107	TYR107	TYR107	-2,782204	-2,536396	0	-2,033528	-3,30118
SER165	0	0,02156	0	0,065508	0,059908	0	SER165	SER165	SER165	SER165	SER165	0,02156	0	0,065508	0,059908	0
VAL166	0	-0,084232	-0,165888	-0,148276	-0,154176	-0,029736	VAL166	VAL166	VAL166	VAL166	VAL166	-0,084232	-0,165888	-0,148276	-0,154176	-0,029736
SER167	0,103155744680851	-0,0950797446808511	-0,394031744680851	-0,463915744680851	-0,0888277446808511	-0,319503744680851	SER167	SER167	SER167	SER167	SER167	0,008076	-0,290876	-0,36076	0,014328	-0,216348
SER168	-1,02638127659574	0,108333276595745	-0,0285947234042552	0,0646212765957447	-0,328446723404255	0,753089276595745	SER168	SER168	SER168	SER168	SER168	-0,918048	-1,054976	-0,96176	-1,354828	-0,273292
TYR169	-1,9660170212766	0,612789021276595	-0,0416029787234047	0,203425021276596	1,1913370212766	0,372237021276596	TYR169	TYR169	TYR169	ALA169	TYR169	-1,353228	-2,00762	-1,762592	-0,77468	-1,59378
LEU170	-0,0381565957446809	0,0381565957446809	0,0381565957446809	0,0381565957446809	0,0381565957446809	0,0381565957446809	LEU170	LEU170	LEU170	LEU170	LEU170	0	0	0	0	0
ASP187	-1,80519489361702	0,908114893617022	0,200882893617021	1,80519489361702	1,80519489361702	1,80519489361702	ASP187	ASP187	ASP187	ASP187	ASP187	-0,89708	-1,604312	0	0	0
ALA188	-0,186752340425532	0,186752340425532	0,186752340425532	0,186752340425532	0,186752340425532	0,186752340425532	ALA188	ALA188	ALA188	ALA188	ALA188	0	0	0	0	0
ASN190	0,0782587234042553	-0,0782587234042553	-0,0782587234042553	-0,0782587234042553	-0,0782587234042553	-0,0782587234042553	ASN190	ASN190	ASN190	ASN190	ASN190	0	0	0	0	0
SER204	0	0	0	0	0,029516	0	SER204	SER204	SER204	SER204	SER204	0	0	0	0,029516	0
GLN226	0	-0,025996	-0,023536	0	0	-0,022356	GLN226	GLN226	GLN226	GLN226	GLN226	-0,025996	-0,023536	0	0	-0,022356
GLN227	-0,213317446808511	0,0581094468085107	0,00904544680851066	0,0108894468085107	-0,0232425531914893	0,0610574468085107	GLN227	GLN227	GLN227	GLN227	GLN227	-0,155208	-0,204272	-0,202428	-0,23656	-0,15226
ARG228	-1,30934468085106	0,135740680851064	-0,223427319148936	0,973860680851064	-0,0519473191489361	2,34284068085106	ARG228	ARG228	ARG228	ARG228	GLU228	-1,173604	-1,532772	-0,335484	-1,361292	1,033496
SER229	-1,19661446808511	0,368130468085106	0,0197584680851064	-0,352449531914894	-0,182881531914894	0,716646468085106	SER229	SER229	SER229	SER229	SER229	-0,828484	-1,176856	-1,549064	-1,379496	-0,479968
ASN230	-0,472697872340426	-0,116574127659574	-0,0837181276595744	-0,103034127659574	-0,0347461276595744	0,429553872340426	ASN230	ASN230	ASN230	ASN230	ASN230	-0,589272	-0,556416	-0,575732	-0,507444	-0,043144
TRP231	-1,34183829787234	-0,23178170212766	-0,172541702127659	-0,0981257021276596	-0,0065537021276596	0,796498297872341	TRP231	TRP231	TRP231	TRP231	TRP231	-1,57362	-1,51438	-1,439964	-1,348392	-0,54534
PRO232	-0,170508936170213	0,0645409361702128	0,0389889361702128	-0,0238150638297872	0,0215849361702128	0,128068936170213	PRO232	PRO232	PRO232	PRO232	PRO232	-0,105968	-0,13152	-0,194324	-0,148924	-0,04244
ILE233	-0,786338723404255	0,121298723404255	0,0451627234042551	0,00697872340425509	-0,0175132765957449	0,403910723404255	ILE233	ILE233	ILE233	ILE233	ILE233	-0,66504	-0,741176	-0,77936	-0,803852	-0,382428
THR234	0	0,026096	0	0	0	0	THR234	THR234	THR234	THR234	THR234	0,026096	0	0	0	0
