CD20/NATIVO	CD20/wild	CD20/NATIVO	CD20/D99N	CD20/D99N	CD20/D99N	CD20/Y105A	CD20/Y105A	CD20/Y105A	CD20/Y107A	CD20/Y107A	CD20/Y107A	CD20/Y169A	CD20/Y169A	CD20/Y169A	CD20/R228E	CD20/R228E	CD20/R228E					
ILE36	-0,798503829787234	0,500846363794957	ILE36	-0,524896	0,332952086674356	ILE36	-0,631828	0,275011546951001	ILE36	-0,662788	0,265023248008158	ILE36	-0,59246	0,273083244054397	ILE36	-0,816724	0,427749664797407	0,273607829787234	0,166675829787234	0,135715829787234	0,206043829787234	-0,0182201702127663
TYR37	-0,652668936170213	0,719231155046122	TYR37	-0,468172	0,484609860715649	TYR37	-0,664832	0,511480612284276	TYR37	-0,742596	0,513006053442205	TYR37	-0,644988	0,524435594647401	TYR37	-2,18668	1,7553766993277	0,184496936170213	-0,0121630638297873	-0,0899270638297873	0,0076809361702127	-1,53401106382979
ILE101	-0,224575319148936	0,267306459924581	ILE101	-0,102244	0,157113966226282	ILE101	-0,047912	0,0957473094917552	ILE101	-0,055992	0,150861524637153	ILE101	-0,029376	0,0380087949216567	ILE101	-0,034056	0,058023577606205	0,122331319148936	0,176663319148936	0,168583319148936	0,195199319148936	0,190519319148936
LYS102	0,794114042553192	1,00617856872119	LYS102	0,855024	0,843139699720811	LYS102	0,78832	0,816144015490899	LYS102	0,753872	0,688391633325343	LYS102	0,898664	0,705204325256265	LYS102	0,680648	0,737802548881781	0,0609099574468084	-0,0057940425531916	-0,0402420425531916	0,104549957446808	-0,113466042553192
ILE103	-1,43546893617021	0,423819673857163	ILE103	-1,448016	0,422736544692421	ILE103	-1,665504	0,562348397590061	ILE103	-1,631408	0,428954471140382	ILE103	-1,281724	0,364202752985357	ILE103	-1,281076	0,335772749876794	-0,0125470638297871	-0,230035063829787	-0,195939063829787	0,153744936170213	0,154392936170213
SER104	-1,10934638297872	0,879980450044262	SER104	-0,95146	0,736788878540261	SER104	-1,602816	0,803746622759587	SER104	-1,3467	0,716180979975335	SER104	-1,23838	0,719645309404945	SER104	-0,38444	0,802089088045752	0,157886382978723	-0,493469617021277	-0,237353617021277	-0,129033617021277	0,724906382978723
HIS105	-3,90026893617021	1,2549737190851	HIS105	-4,518392	1,11303563000538	HIS105	-4,178556	1,05308021823716	HIS105	-4,299852	0,988927666347598	HIS105	-4,176724	1,17333118523804	HIS105	-4,20968	1,15646038317235	-0,618123063829787	-0,278287063829787	-0,399583063829787	-0,276455063829787	-0,309411063829788
PHE106	0,174796595744681	0,501148227357373	PHE106	-2,32E-4	0,0852115636532513	PHE106	-0,012496	0,101219109397598	PHE106	-0,003052	0,0925050710570426	PHE106	0,025704	0,0995207824449516	PHE106	-0,490196	0,533926542330536	-0,175028595744681	-0,187292595744681	-0,177848595744681	-0,149092595744681	-0,664992595744681
LEU107	-0,0632765957446809	0,144191372057926	LEU107	0	0	LEU107	0	0	LEU107	0,005548	0,0306652219678145	LEU107	0	0	LEU107	0	0	0,0632765957446809	0,0632765957446809	0,0688245957446809	0,0632765957446809	0,0632765957446809
LYS108	-2,10284936170213	3,11686316774021	LYS108	0,2415	0,297469570306112	LYS108	0,180048	0,317283635345574	LYS108	0,174844	0,26890738207802	LYS108	0,185212	0,368469785802337	LYS108	-0,075636	0,590423471293428	2,34434936170213	2,28289736170213	2,27769336170213	2,28806136170213	2,02721336170213
GLU110	0	0	GLU110	0,27134	0,159270057388299	GLU110	0	0	GLU110	0	0	GLU110	0	0	GLU110	0	0	0,27134	0	0	0	0
ARG116	0	0	ARG116	0,172384	0,0769584666312582	ARG116	0	0	ARG116	0,179988	0,0640581082494088	ARG116	0	0	ARG116	0	0	0,172384	0	0,179988	0	0
ASN123	-0,039063829787234	0,216632164193434	ASN123	-0,093384	0,28635332691473	ASN123	-0,149364	0,330990781537772	ASN123	-0,07522	0,2934492061237	ASN123	-0,139072	0,27269705588751	ASN123	0,051548	0,154613084110988	-0,054320170212766	-0,110300170212766	-0,036156170212766	-0,100008170212766	0,0906118297872341
TYR125	0,0630978723404255	0,114832722208376	TYR125	0,055508	0,114790995836303	TYR125	0,028968	0,116666273548757	TYR125	0,040476	0,102483630799424	TYR125	0,020732	0,0945733674177349	TYR125	0,07462	0,134117749117152	-0,00758987234042552	-0,0341298723404255	-0,0226218723404255	-0,0423658723404255	0,0115221276595745
ASN126	-3,70717617021277	1,16699131039317	ASN126	-3,103	1,69095208908681	ASN126	-3,764268	1,28660905068934	ASN126	-3,80934	1,25117779022212	ASN126	-3,589836	1,20059616256351	ASN126	-3,283052	1,06234190043572	0,604176170212765	-0,0570918297872343	-0,102163829787234	0,117340170212766	0,424124170212766
CYS127	-0,514376170212766	0,307559613755757	CYS127	-0,4644	0,294616359898442	CYS127	-0,408432	0,27583004597343	CYS127	-0,425968	0,287221067041645	CYS127	-0,421552	0,290925293342677	CYS127	-0,375968	0,259880199444331	0,0499761702127657	0,105944170212766	0,0884081702127657	0,0928241702127656	0,138408170212766
GLU128	2,22041531914894	1,24271760772117	GLU128	2,26034	1,07347558161783	GLU128	2,653168	1,3313209567839	GLU128	2,366236	1,2208064628236	GLU128	2,634072	1,10690602816955	GLU128	1,192796	1,2662836380862	0,039924680851064	0,432752680851064	0,145820680851064	0,413656680851064	-1,02761931914894
PRO129	-2,33048680851064	1,28032912327122	PRO129	-1,805068	1,41592696670627	PRO129	-1,882056	0,995079939752881	PRO129	-1,470876	0,392051775231007	PRO129	-1,77296	0,471343127814181	PRO129	-2,680604	1,02936558743191	0,525418808510638	0,448430808510638	0,859610808510638	0,557526808510639	-0,350117191489361
ALA130	-3,82706212765958	1,0018180521715	ALA130	-3,237188	1,55958569359631	ALA130	-4,277212	1,28649401623075	ALA130	-3,389716	0,590539155299272	ALA130	-3,835248	0,851982070160603	ALA130	-3,384048	0,579209501954916	0,589874127659574	-0,450149872340426	0,437346127659574	-0,00818587234042578	0,443014127659574
ASN131	-0,431431489361702	0,697132565309492	ASN131	-0,371204	0,69975187849736	ASN131	-0,289536	0,557322050390203	ASN131	-0,253192	0,516386980220587	ASN131	-0,2058	0,473104778302336	ASN131	-0,976728	0,701884912922621	0,0602274893617022	0,141895489361702	0,178239489361702	0,225631489361702	-0,545296510638298
PRO132	-6,14914723404256	0,8086551747385	PRO132	-5,625104	0,873622685043335	PRO132	-5,923532	0,872111389838773	PRO132	-5,29212	0,769692299620076	PRO132	-6,22142	0,877805719252445	PRO132	-4,284108	0,80765582243119	0,524043234042553	0,225615234042554	0,857027234042554	-0,0722727659574458	1,86503923404255
SER133	-0,488619574468085	0,676252051913247	SER133	-0,160804	0,630595380412447	SER133	-0,385896	0,63086673261294	SER133	-0,38626	0,56608868117812	SER133	-0,664952	0,633897379747874	SER133	0,050848	0,663171289607553	0,327815574468085	0,102723574468085	0,102359574468085	-0,176332425531915	0,539467574468085
GLU134	0,259538723404255	0,731126347107111	GLU134	0,657392	0,824196261898373	GLU134	0,154788	0,828987384155655	GLU134	0,123276	0,815963642873011	GLU134	0,445992	0,748707152961929	GLU134	0,601844	0,712719402880895	0,397853276595745	-0,104750723404255	-0,136262723404255	0,186453276595745	0,342305276595745
LYS135	-4,07934297872341	1,79550476521689	LYS135	-2,104372	2,44607290052236	LYS135	-4,23232	1,85764414092197	LYS135	-3,79736	2,24000273109078	LYS135	-5,000056	1,54323449480187	LYS135	-0,770468	2,46270494116264	1,9749709787234	-0,152977021276596	0,281982978723404	-0,920713021276596	3,3088749787234
ASN136	0,304849361702128	0,102672446171191	ASN136	0,255412	0,110516043063031	ASN136	0,295648	0,100491887950309	ASN136	0	0	ASN136	0,268088	0,131999825142062	ASN136	0,157784	0,0923576814375947	-0,0494373617021278	-0,00920136170212771	-0,304849361702128	-0,0367613617021277	-0,147065361702128
SER137	0,145896170212766	0,0834577450573003	SER137	0,13632	0,0785552415207806	SER137	0	0	SER137	0	0	SER137	0	0	SER137	0	0	-0,00957617021276597	-0,145896170212766	-0,145896170212766	-0,145896170212766	-0,145896170212766
SER139	0	0	SER139	0,115864	0,0630961643396946	SER139	0	0	SER139	0,13582	0,0651099325858085	SER139	0,087976	0,0599985279264528	SER139	0,080432	0,0770279604992855	0,115864	0	0,13582	0,087976	0,080432
THR140	-0,651417872340426	0,564154311048011	THR140	-0,613076	0,489656046058227	THR140	-0,09538	0,245774810961337	THR140	-0,633828	0,506941517629913	THR140	-1,68154	0,72186138693296	THR140	-0,737092	0,583000050737274	0,0383418723404255	0,556037872340426	0,0175898723404256	-1,03012212765957	-0,0856741276595744
GLN141	0,164027234042553	0,0948797382645797	GLN141	0,102072	0,211385667385825	GLN141	0	0	GLN141	0,076356	0,289718373525711	GLN141	0,097872	0,13753078747321	GLN141	0,086696	0,0824885769675537	-0,0619552340425532	-0,164027234042553	-0,0876712340425532	-0,0661552340425532	-0,0773312340425532
CYS143	-0,894565106382979	0,392533689361946	CYS143	-0,616576	0,396262294126376	CYS143	0	0	CYS143	-0,546304	0,389033569800053	CYS143	-0,715016	0,328507909680557	CYS143	-0,330052	0,233588918421066	0,277989106382979	0,894565106382979	0,348261106382979	0,179549106382979	0,564513106382979
TYR144	-0,91624	0,35109770991379	TYR144	-0,843408	0,416280892485566	TYR144	-0,040372	0,150419387090911	TYR144	-0,84592	0,401219322039394	TYR144	-0,939256	0,393084179957695	TYR144	-0,406452	0,358632428237371	0,0728319999999998	0,875868	0,0703199999999996	-0,0230160000000001	0,509788
SER145	0,03928	0,0273212592813065	SER145	0	0	SER145	0	0	SER145	0,04754	0,0240811204088194	SER145	0,040904	0,0231697544011067	SER145	0	0	-0,03928	-0,03928	0,00826	0,001624	-0,03928
GLN147	-0,696844255319149	0,78839200255487	GLN147	-0,344484	0,714472478205315	GLN147	0,129532	0,118929721632042	GLN147	-0,27206	0,70321507448034	GLN147	0,003948	0,393714385948851	GLN147	-8,72E-4	0,221858802275814	0,352360255319149	0,826376255319149	0,424784255319149	0,700792255319149	0,695972255319149
SER148	0,0784817021276596	0,021573514887466	SER148	0	0	SER148	0	0	SER148	0	0	SER148	0	0	SER148	0	0	-0,0784817021276596	-0,0784817021276596	-0,0784817021276596	-0,0784817021276596	-0,0784817021276596
