NATIVO	WILD	NATIVO	D99N	D99N	D99N	Y105A	Y105A	Y105A	Y107A	Y107A	Y107A	Y169A	Y169A	Y169A	R228E	R228E	R228E
GLY26	0	0	GLY26	0	0	GLY26	0	0	GLY26	0,041944	0,0182020160794276	GLY26	0,051376	0,0211046152752038	GLY26	0,058176	0,0313398452191351
PHE27	-1,02238978723404	0,396399493300129	PHE27	-0,911964	0,355826063658962	PHE27	-0,918792	0,28440945172496	PHE27	-0,851044	0,260557913398334	PHE27	-0,884852	0,308670000102999	PHE27	-0,9461	0,497458315751546
THR28	-0,234417021276596	0,400853336939363	THR28	-0,066996	0,161215049238092	THR28	-0,098148	0,124104354687259	THR28	-0,156784	0,107440191278128	THR28	-0,159236	0,135492286008566	THR28	-1,01676	0,893289812477244
ASN30	-0,494274042553191	0,708962899390515	ASN30	-0,140004	0,410151154541625	ASN30	-0,38232	0,367969099386404	ASN30	-0,495108	0,37145026377078	ASN30	-0,45556	0,392648488516401	ASN30	-0,16312	0,39646964684872
ASP31	0,697816170212766	1,76210308046005	ASP31	1,695884	0,951158251476452	ASP31	1,063348	0,950008461713332	ASP31	1,230588	0,931622145606723	ASP31	1,450088	0,970132307952876	ASP31	1,34972	1,2120417235623
TYR32	-2,05524595744681	1,44085478070458	TYR32	-3,14428	0,803325970354412	TYR32	-2,971584	0,799799826737377	TYR32	-3,127512	0,685746184085333	TYR32	-3,012536	0,917488769937367	TYR32	-2,47696	0,739107076212941
ALA33	-0,102849361702128	0,0802304538251647	ALA33	-0,085844	0,0666265960808605	ALA33	-0,035292	0,0400484242700585	ALA33	-0,0684	0,0485425849437503	ALA33	-0,069464	0,048320664923648	ALA33	-0,058488	0,0473266286556729
HIS35	0	0	HIS35	0,112972	0,0550921162464195	HIS35	0,076256	0,0491535236942035	HIS35	0,08206	0,0568729303982557	HIS35	0,054124	0,0493275369987448	HIS35	-0,038264	0,104612445767814
TRP47	0	0	TRP47	-0,10382	0,0979400045834138	TRP47	-0,156428	0,11128699265365	TRP47	-0,216176	0,18388611330132	TRP47	-0,19226	0,113406511341836	TRP47	-0,040464	0,0686363539506102
THR50	-0,406115744680851	0,218894660827806	THR50	-0,374684	0,304744561630125	THR50	-0,2623	0,151815839818143	THR50	-0,425292	0,182756544938579	THR50	-0,350468	0,147967086473553	THR50	-0,341248	0,173901981747484
ILE51	0	0	ILE51	0,0035	0,0344340570033896	ILE51	-0,007136	0,0219943402811214	ILE51	0	0	ILE51	-0,00512	0,0260195389383176	ILE51	0	0
SER52	-0,14384170212766	0,30714524417375	SER52	-0,12692	0,391963120248645	SER52	-0,174292	0,247652481183966	SER52	-0,182352	0,283333900787982	SER52	-0,187176	0,27582541015424	SER52	-0,201916	0,24483387509607
TRP53	-1,04294638297872	0,673448038447437	TRP53	-0,99614	0,724152151785503	TRP53	-1,472764	0,710481804173495	TRP53	-1,353988	0,652524245536061	TRP53	-1,44438	0,663690296391179	TRP53	-1,075696	0,664607249962472
ASN54	-3,3323029787234	0,875701648802257	ASN54	-2,872008	1,28880349693717	ASN54	-2,93158	0,906196148846414	ASN54	-3,309136	0,841736693847137	ASN54	-3,245668	0,832819830049531	ASN54	-3,47956	0,912666878292564
SER55	-2,57423829787234	0,954981640132391	SER55	-2,058456	1,4907457949879	SER55	-2,840076	0,961048614795318	SER55	-2,73032	0,967980687950384	SER55	-2,849444	0,88256617887161	SER55	-2,60568	0,869015289065188
GLY56	-0,723121702127659	0,352036912467566	GLY56	-0,47916	0,416868715797293	GLY56	-0,660748	0,295385682754989	GLY56	-0,749376	0,327097550811832	GLY56	-0,731592	0,296071830722848	GLY56	-0,600484	0,277692079289922
SER57	-0,0968034042553192	0,251145814101572	SER57	-0,039264	0,251220666015385	SER57	-0,031024	0,234935372551071	SER57	-0,04876	0,257207396195878	SER57	-0,025156	0,236509937305344	SER57	-0,016764	0,167638209641277
ILE58	-0,158971914893617	0,118926785234288	ILE58	-0,153208	0,13353666744614	ILE58	-0,15268	0,0973182713490913	ILE58	-0,159128	0,100699234109799	ILE58	-0,15074	0,0823614337071965	ILE58	-0,074348	0,056686684927761
GLY59	-0,11731914893617	0,177391378474038	GLY59	-0,167064	0,228827456188899	GLY59	-0,130884	0,176437044172199	GLY59	-0,106128	0,157675338023701	GLY59	-0,098952	0,124759318894663	GLY59	-0,02006	0,0697411064492921
TYR60	0	0	TYR60	0	0	TYR60	0,019968	0,0353544756937595	TYR60	0	0	TYR60	0,018904	0,0259142316683552	TYR60	0	0
LYS98	0,111811063829787	0,106472305165495	LYS98	0	0	LYS98	0	0	LYS98	0	0	LYS98	0	0	LYS98	0	0
ASP99	1,3408	0,309005301690102	ASN99	0	0	ASP99	0	0	ASP99	1,233132	0,443136072112577	ASP99	1,402628	0,441332622190297	ASP99	1,229276	0,227614936345792
ILE100	0,0721787234042553	0,0544413425510262	ILE100	0	0	ILE100	0	0	ILE100	0	0	ILE100	0	0	ILE100	0	0
GLN101	-0,58444085106383	0,803622929256578	GLN101	-0,255232	0,229170228811487	GLN101	-0,274616	0,210982127032531	GLN101	-0,346572	0,238624947485012	GLN101	-0,280612	0,239375741783293	GLN101	-0,763552	0,680198832310518
TYR102	-1,46584510638298	0,569113288498753	TYR102	-1,419776	0,526077953376885	TYR102	-1,531944	0,559008136705327	TYR102	-1,571412	0,586748528579593	TYR102	-1,256704	0,612808477483815	TYR102	-1,638056	0,766107740002485
GLY103	0,114134468085106	0,375454253023477	GLY103	0,219628	0,279248372380917	GLY103	0,04588	0,356775028510106	GLY103	0,05376	0,314220553469198	GLY103	0,253276	0,22289078030277	GLY103	0,170328	0,210523396457929
ASN104	-3,53990297872341	2,90237620132376	ASN104	-2,824108	2,54526283701699	ASN104	-1,662092	1,68720284640406	ASN104	-1,679824	1,73589938293989	ASN104	-1,626416	1,26391739833738	ASN104	-1,767396	1,53528947912043
TYR105	-3,35908936170213	1,68459730126527	TYR105	-2,71912	1,53760552740394	ALA105	-0,679744	0,596785921280265	TYR105	-3,341516	1,79969709273373	TYR105	-3,314156	1,06110155134412	TYR105	-2,41796	1,4400546313722
TYR106	0,256008510638298	0,129661629497135	TYR106	0	0	TYR106	0	0	TYR106	0	0	TYR106	-0,063616	0,317170180365881	TYR106	0	0
TYR107	-2,74186042553192	1,6526417686181	TYR107	-2,782204	1,7542385138542	TYR107	-2,536396	1,94103978974419	ALA107	0	0	TYR107	-2,033528	1,45326705986027	TYR107	-3,30118	1,53223491186242
SER165	0	0	SER165	0,02156	0,363919745867922	SER165	0	0	SER165	0,065508	0,0340823499575873	SER165	0,059908	0,0225919387011763	SER165	0	0
VAL166	0	0	VAL166	-0,084232	0,26811841632023	VAL166	-0,165888	0,349592187176622	VAL166	-0,148276	0,176728381966217	VAL166	-0,154176	0,134002327119604	VAL166	-0,029736	0,0866564137130947
SER167	0,103155744680851	0,216689461816627	SER167	0,008076	0,419786548763308	SER167	-0,290876	1,32113011718703	SER167	-0,36076	0,996072550877015	SER167	0,014328	0,523811167952601	SER167	-0,216348	0,887043539738921
SER168	-1,02638127659574	0,93270903648364	SER168	-0,918048	1,54567276983861	SER168	-1,054976	0,954626505042497	SER168	-0,96176	0,807469544457306	SER168	-1,354828	0,733489258962396	SER168	-0,273292	0,742004684025948
TYR169	-1,9660170212766	0,647009253019614	TYR169	-1,353228	0,982961700931527	TYR169	-2,00762	0,692483146916591	TYR169	-1,762592	0,681264919317087	ALA169	-0,77468	0,284953078423029	TYR169	-1,59378	0,935192935137114
LEU170	-0,0381565957446809	0,0278907101856577	LEU170	0	0	LEU170	0	0	LEU170	0	0	LEU170	0	0	LEU170	0	0
ASP187	-1,80519489361702	1,51291198177478	ASP187	-0,89708	1,63617245353877	ASP187	-1,604312	1,31866368579046	ASP187	0	0	ASP187	0	0	ASP187	0	0
ALA188	-0,186752340425532	0,171967739457878	ALA188	0	0	ALA188	0	0	ALA188	0	0	ALA188	0	0	ALA188	0	0
ASN190	0,0782587234042553	0,0317696390603371	ASN190	0	0	ASN190	0	0	ASN190	0	0	ASN190	0	0	ASN190	0	0
SER204	0	0	SER204	0	0	SER204	0	0	SER204	0	0	SER204	0,029516	0,0254712633786242	SER204	0	0
GLN226	0	0	GLN226	-0,025996	0,0258386346004429	GLN226	-0,023536	0,0269879240257062	GLN226	0	0	GLN226	0	0	GLN226	-0,022356	0,0375906169914025
GLN227	-0,213317446808511	0,0715667398797397	GLN227	-0,155208	0,0817069589867274	GLN227	-0,204272	0,0638061008321411	GLN227	-0,202428	0,0643673992082354	GLN227	-0,23656	0,0640378539513581	GLN227	-0,15226	0,0578884516041987
ARG228	-1,30934468085106	1,31265626058944	ARG228	-1,173604	1,07774203886874	ARG228	-1,532772	1,33361707015617	ARG228	-0,335484	0,563390423464671	ARG228	-1,361292	0,960691095872487	GLU228	1,033496	0,54610968889127
SER229	-1,19661446808511	0,553994065748247	SER229	-0,828484	0,88917034999404	SER229	-1,176856	0,800094704318402	SER229	-1,549064	0,621418110527234	SER229	-1,379496	0,542876516298854	SER229	-0,479968	0,617379674139679
ASN230	-0,472697872340426	0,35847564824591	ASN230	-0,589272	0,684896943740748	ASN230	-0,556416	0,44086036121116	ASN230	-0,575732	0,392730644487603	ASN230	-0,507444	0,331132853173134	ASN230	-0,043144	0,288275695150608
TRP231	-1,34183829787234	0,401917083377429	TRP231	-1,57362	0,665340459291864	TRP231	-1,51438	0,447094366939665	TRP231	-1,439964	0,559200787653563	TRP231	-1,348392	0,368349191375133	TRP231	-0,54534	0,538183482638026
PRO232	-0,170508936170213	0,0685493172860475	PRO232	-0,105968	0,0633364632658914	PRO232	-0,13152	0,0553132300753495	PRO232	-0,194324	0,101541456021254	PRO232	-0,148924	0,0512407305664897	PRO232	-0,04244	0,0489853674732628
ILE233	-0,786338723404255	0,235172676125989	ILE233	-0,66504	0,23560849506157	ILE233	-0,741176	0,245457443901599	ILE233	-0,77936	0,196464117995791	ILE233	-0,803852	0,19558369893556	ILE233	-0,382428	0,275022325871721
THR234	0	0	THR234	0,026096	0,0171439887581688	THR234	0	0	THR234	0	0	THR234	0	0	THR234	0	0
